5.000000000000000000e+01
5.100000000000000000e+01
5.200000000000000000e+01
5.300000000000000000e+01
5.400000000000000000e+01
1.180000000000000000e+03
1.181000000000000000e+03
1.182000000000000000e+03
1.183000000000000000e+03
1.184000000000000000e+03
1.185000000000000000e+03
1.186000000000000000e+03
1.187000000000000000e+03
1.188000000000000000e+03
1.189000000000000000e+03
1.190000000000000000e+03
1.191000000000000000e+03
1.192000000000000000e+03
1.193000000000000000e+03
1.194000000000000000e+03
1.195000000000000000e+03
1.196000000000000000e+03
1.197000000000000000e+03
1.198000000000000000e+03
1.199000000000000000e+03
1.200000000000000000e+03
1.201000000000000000e+03
1.202000000000000000e+03
1.203000000000000000e+03
1.208000000000000000e+03
1.209000000000000000e+03
1.210000000000000000e+03
1.211000000000000000e+03
1.212000000000000000e+03
1.213000000000000000e+03
1.214000000000000000e+03
1.215000000000000000e+03
1.216000000000000000e+03
1.217000000000000000e+03
1.218000000000000000e+03
1.219000000000000000e+03
1.220000000000000000e+03
1.221000000000000000e+03
1.222000000000000000e+03
1.223000000000000000e+03
1.224000000000000000e+03
1.225000000000000000e+03
1.226000000000000000e+03
1.227000000000000000e+03
1.228000000000000000e+03
1.229000000000000000e+03
1.230000000000000000e+03
1.231000000000000000e+03
1.232000000000000000e+03
1.233000000000000000e+03
1.234000000000000000e+03
1.235000000000000000e+03
1.236000000000000000e+03
1.237000000000000000e+03
1.238000000000000000e+03
1.239000000000000000e+03
1.240000000000000000e+03
1.241000000000000000e+03
1.242000000000000000e+03
1.243000000000000000e+03
2.815000000000000000e+03
2.816000000000000000e+03
2.817000000000000000e+03
2.818000000000000000e+03
2.819000000000000000e+03
2.820000000000000000e+03
2.821000000000000000e+03
2.822000000000000000e+03
2.823000000000000000e+03
2.824000000000000000e+03
2.825000000000000000e+03
2.826000000000000000e+03
2.827000000000000000e+03
2.828000000000000000e+03
2.829000000000000000e+03
2.830000000000000000e+03
2.831000000000000000e+03
2.832000000000000000e+03
2.833000000000000000e+03
2.834000000000000000e+03
1.268000000000000000e+03
1.269000000000000000e+03
1.270000000000000000e+03
1.271000000000000000e+03
1.272000000000000000e+03
1.273000000000000000e+03
1.274000000000000000e+03
1.275000000000000000e+03
2.835000000000000000e+03
2.836000000000000000e+03
2.837000000000000000e+03
2.838000000000000000e+03
2.839000000000000000e+03
2.840000000000000000e+03
2.841000000000000000e+03
